home: # 家
  - x: 0.4630883038043976
    y: 2.141568183898926


  - x: -0.8247126340866089
    y: -1.7451764345169067

blood_limit: 150
our_color: blue