home: # 家
  - x: 0.05128493905067444
    y: -0.014706522226333618

  - x: 1.367578387260437
    y: -1.0265679359436035
blood_limit: 150
our_color: blue